{
 "cells": [
  {
   "cell_type": "markdown",
   "metadata": {},
   "source": [
    "# Python lesson plans"
   ]
  },
  {
   "cell_type": "markdown",
   "metadata": {},
   "source": [
    "**Goal:** writing efficient _Python_ code with a focus on readability and usage of Python's constructs as intended (i.e. pythonic code)"
   ]
  },
  {
   "cell_type": "markdown",
   "metadata": {},
   "source": [
    "**The Zen of Python:** (by Tim Peters)\n",
    "- beautiful is better than ugly\n",
    "- explicit is better than implicit \n",
    "- simple is better than complex\n",
    "- complex is better than complicated\n",
    "- flat is better than nested\n",
    "- sparse is better than dense\n",
    "- readability counts\n",
    "- special cases aren't special enough to break the rules\n",
    "- practicality beats purity\n",
    "- errors should never pass silently unless explicitly silenced\n",
    "- in the face of ambiguity, refuse the temptation to guess\n"
   ]
  },
  {
   "cell_type": "markdown",
   "metadata": {},
   "source": [
    "Variable assignment conventions: \n",
    "- Not permitted: variables cannot start with numbers, can't use operators, spaces, slash, ., ?, !, $, #\n",
    "- Permitted: letters, digits only after letters, underscores"
   ]
  },
  {
   "cell_type": "code",
   "execution_count": 1,
   "metadata": {},
   "outputs": [],
   "source": [
    "var = 2 # variables sart with lower letter"
   ]
  },
  {
   "cell_type": "code",
   "execution_count": 2,
   "metadata": {},
   "outputs": [
    {
     "data": {
      "text/plain": [
       "2"
      ]
     },
     "execution_count": 2,
     "metadata": {},
     "output_type": "execute_result"
    }
   ],
   "source": [
    "var"
   ]
  },
  {
   "cell_type": "code",
   "execution_count": 3,
   "metadata": {},
   "outputs": [],
   "source": [
    "Array1 = [1,2,3] #array list"
   ]
  },
  {
   "cell_type": "code",
   "execution_count": 4,
   "metadata": {},
   "outputs": [
    {
     "data": {
      "text/plain": [
       "[1, 2, 3]"
      ]
     },
     "execution_count": 4,
     "metadata": {},
     "output_type": "execute_result"
    }
   ],
   "source": [
    "Array1"
   ]
  },
  {
   "cell_type": "code",
   "execution_count": 5,
   "metadata": {},
   "outputs": [
    {
     "data": {
      "text/plain": [
       "[1, 2, 3, 1, 2, 3]"
      ]
     },
     "execution_count": 5,
     "metadata": {},
     "output_type": "execute_result"
    }
   ],
   "source": [
    "2*Array1"
   ]
  },
  {
   "cell_type": "code",
   "execution_count": 6,
   "metadata": {},
   "outputs": [],
   "source": [
    "Array2 = ([1,2],[3,4])"
   ]
  },
  {
   "cell_type": "code",
   "execution_count": 7,
   "metadata": {},
   "outputs": [
    {
     "data": {
      "text/plain": [
       "([1, 2], [3, 4])"
      ]
     },
     "execution_count": 7,
     "metadata": {},
     "output_type": "execute_result"
    }
   ],
   "source": [
    "Array2"
   ]
  },
  {
   "cell_type": "code",
   "execution_count": 8,
   "metadata": {},
   "outputs": [
    {
     "data": {
      "text/plain": [
       "([1, 2], [3, 4], [1, 2], [3, 4])"
      ]
     },
     "execution_count": 8,
     "metadata": {},
     "output_type": "execute_result"
    }
   ],
   "source": [
    "Array2 + Array2"
   ]
  },
  {
   "cell_type": "code",
   "execution_count": 9,
   "metadata": {},
   "outputs": [],
   "source": [
    "A_B = 1"
   ]
  },
  {
   "cell_type": "code",
   "execution_count": 10,
   "metadata": {},
   "outputs": [
    {
     "data": {
      "text/plain": [
       "1"
      ]
     },
     "execution_count": 10,
     "metadata": {},
     "output_type": "execute_result"
    }
   ],
   "source": [
    "A_B"
   ]
  },
  {
   "cell_type": "raw",
   "metadata": {},
   "source": [
    "family_member_names = [] #kebab case\n",
    "print(family_member_names)"
   ]
  },
  {
   "cell_type": "markdown",
   "metadata": {},
   "source": [
    "Conditional statement conventions: \n",
    "- If else do not go into paranthesis, curly brackets or square brackes are not used\n",
    "- Note spaces and indentations "
   ]
  },
  {
   "cell_type": "code",
   "execution_count": 11,
   "metadata": {},
   "outputs": [
    {
     "name": "stdout",
     "output_type": "stream",
     "text": [
      "var is not 1\n"
     ]
    }
   ],
   "source": [
    "if var == 1: \n",
    "    print(\"var is 1\")\n",
    "else : \n",
    "    print(\"var is not 1\")\n",
    "    "
   ]
  },
  {
   "cell_type": "code",
   "execution_count": 12,
   "metadata": {},
   "outputs": [
    {
     "name": "stdout",
     "output_type": "stream",
     "text": [
      "['George']\n"
     ]
    }
   ],
   "source": [
    "names = ['Jerry', 'Tom', 'Hardy', 'George']\n",
    "\n",
    "better_list = []\n",
    "for name in names:\n",
    "    if len(name) >= 6:\n",
    "        better_list.append(name)\n",
    "print(better_list)"
   ]
  },
  {
   "cell_type": "code",
   "execution_count": 13,
   "metadata": {},
   "outputs": [
    {
     "name": "stdout",
     "output_type": "stream",
     "text": [
      "1\n",
      "2\n",
      "3\n",
      "1, 2, 3\n"
     ]
    }
   ],
   "source": [
    "print (\"1\")\n",
    "print (\"2\")\n",
    "print (\"3\")\n",
    "print (\"1, 2, 3\")"
   ]
  },
  {
   "cell_type": "code",
   "execution_count": 14,
   "metadata": {},
   "outputs": [
    {
     "name": "stdout",
     "output_type": "stream",
     "text": [
      "1, 2, 3\n"
     ]
    }
   ],
   "source": [
    "print (\"1, 2, 3\")"
   ]
  },
  {
   "cell_type": "markdown",
   "metadata": {},
   "source": [
    "For loop conventions:  \n",
    "- for is a keyword among a few others in python\n",
    "- explore arrays using 'for' loops or 'while'"
   ]
  },
  {
   "cell_type": "code",
   "execution_count": 15,
   "metadata": {},
   "outputs": [
    {
     "name": "stdout",
     "output_type": "stream",
     "text": [
      "1\n",
      "2\n",
      "3\n"
     ]
    }
   ],
   "source": [
    "for i in Array1:\n",
    "    print(i)\n",
    "    "
   ]
  },
  {
   "cell_type": "code",
   "execution_count": 16,
   "metadata": {
    "scrolled": true
   },
   "outputs": [
    {
     "name": "stdout",
     "output_type": "stream",
     "text": [
      "15\n",
      "14\n",
      "13\n",
      "12\n",
      "11\n"
     ]
    }
   ],
   "source": [
    "i = 15\n",
    "while i>10:\n",
    "    print(i)\n",
    "    i = i-1\n",
    "    "
   ]
  },
  {
   "cell_type": "markdown",
   "metadata": {},
   "source": [
    "_Note 1:_ Loops can be costly and inefficient. The goal is to reduce the number or usage of loops and while, and instead iterate over arrays using **map()** or use **numpy** arrays to perform calculations on all arrays all at once (e.g. np.mean, np.array, etc).\n",
    "\n",
    "_Note 2:_ Loops can be modified to write better loops by understanding what is being done with each loop iteration. \n",
    "- If a calculation is done one time, move it outside or above the loop.  \n",
    "- Use holistic conversions outside or below the loop.   "
   ]
  },
  {
   "cell_type": "markdown",
   "metadata": {},
   "source": [
    "# Control flow and functions\n",
    "- Use def to define the functions \n",
    "- Starts with indentation, and can get from zero to infinite number of arguments  \n",
    "- Arguments can have names, or default values  \n",
    "- Functions can have a `side effect(s)` and/or have `return value(s)` "
   ]
  },
  {
   "cell_type": "code",
   "execution_count": 1,
   "metadata": {},
   "outputs": [],
   "source": [
    "# this is an example of a function with return values\n",
    "def double_me(what_to_double):\n",
    "    print(what_to_double)\n",
    "    return what_to_double * 2 "
   ]
  },
  {
   "cell_type": "code",
   "execution_count": 2,
   "metadata": {},
   "outputs": [
    {
     "name": "stdout",
     "output_type": "stream",
     "text": [
      "2\n"
     ]
    },
    {
     "data": {
      "text/plain": [
       "4"
      ]
     },
     "execution_count": 2,
     "metadata": {},
     "output_type": "execute_result"
    }
   ],
   "source": [
    "double_me(2) #out comment from jupyter shows that this operation has a return value"
   ]
  },
  {
   "cell_type": "code",
   "execution_count": 3,
   "metadata": {},
   "outputs": [],
   "source": [
    "# this is an example of a function with side effects\n",
    "def print_me(what_to_print, what_to_print_next): \n",
    "    print(what_to_print)\n",
    "    print(what_to_print_next)"
   ]
  },
  {
   "cell_type": "code",
   "execution_count": 4,
   "metadata": {},
   "outputs": [
    {
     "name": "stdout",
     "output_type": "stream",
     "text": [
      "me\n",
      "you\n",
      "cat\n",
      "dog\n",
      "mouse\n",
      "1\n"
     ]
    }
   ],
   "source": [
    "print_me(\"me\", \"you\") #me, cat, mouse... are string literal\n",
    "print_me(\"cat\", \"dog\")\n",
    "print_me(\"mouse\", 1)\n"
   ]
  },
  {
   "cell_type": "code",
   "execution_count": 5,
   "metadata": {},
   "outputs": [],
   "source": [
    "# can assign a different name to function\n",
    "shadow_print_me = print_me"
   ]
  },
  {
   "cell_type": "code",
   "execution_count": 8,
   "metadata": {},
   "outputs": [
    {
     "name": "stdout",
     "output_type": "stream",
     "text": [
      "1\n",
      "2\n"
     ]
    }
   ],
   "source": [
    "shadow_print_me(1,2)"
   ]
  },
  {
   "cell_type": "markdown",
   "metadata": {},
   "source": [
    "# Python standard library and built-in functions:\n",
    "- Built-in types include: list, tuple, set, dict\n",
    "- Built-in functions include: print(), len(), range(), round(), enumerate(), map(), zip(), and others   \n",
    "-- shorthand syntax for list is [], for dict is {}, and for tuple is ()\n",
    "- Built-in modules: os, sys, itertools, collections, math, and others"
   ]
  },
  {
   "cell_type": "code",
   "execution_count": 45,
   "metadata": {},
   "outputs": [
    {
     "name": "stdout",
     "output_type": "stream",
     "text": [
      "[]\n",
      "[]\n",
      "<class 'list'>\n"
     ]
    }
   ],
   "source": [
    "# Create a list using the formal name\n",
    "formal_list = list()\n",
    "print(formal_list)\n",
    "\n",
    "# Create a list using the literal syntax\n",
    "literal_list = []\n",
    "print(literal_list)\n",
    "\n",
    "# Print out the type of formal_list\n",
    "print(type(formal_list))"
   ]
  },
  {
   "cell_type": "code",
   "execution_count": 46,
   "metadata": {},
   "outputs": [
    {
     "name": "stdout",
     "output_type": "stream",
     "text": [
      "range(1, 10)\n"
     ]
    }
   ],
   "source": [
    "nums = range(1,10) #use range to create a list\n",
    "print(nums)"
   ]
  },
  {
   "cell_type": "code",
   "execution_count": 47,
   "metadata": {},
   "outputs": [
    {
     "name": "stdout",
     "output_type": "stream",
     "text": [
      "[0, 1, 2, 3, 4, 5, 6, 7, 8, 9, 10, 11, 12, 13, 14, 15, 16, 17, 18, 19, 20, 21, 22, 23, 24, 25, 26, 27, 28, 29, 30, 31, 32, 33, 34, 35, 36, 37, 38, 39, 40, 41, 42, 43, 44, 45, 46, 47, 48, 49, 50]\n"
     ]
    }
   ],
   "source": [
    "# Create a list of integers (0-50) using list comprehension\n",
    "nums_list_comp = [num for num in range(51)]\n",
    "print(nums_list_comp)"
   ]
  },
  {
   "cell_type": "code",
   "execution_count": 48,
   "metadata": {},
   "outputs": [
    {
     "name": "stdout",
     "output_type": "stream",
     "text": [
      "[0, 1, 2, 3, 4, 5, 6, 7, 8, 9, 10, 11, 12, 13, 14, 15, 16, 17, 18, 19, 20, 21, 22, 23, 24, 25, 26, 27, 28, 29, 30, 31, 32, 33, 34, 35, 36, 37, 38, 39, 40, 41, 42, 43, 44, 45, 46, 47, 48, 49, 50]\n"
     ]
    }
   ],
   "source": [
    "# Create a list of integers (0-50) by unpacking range\n",
    "nums_unpack = [*range(51)]\n",
    "print(nums_unpack)"
   ]
  },
  {
   "cell_type": "code",
   "execution_count": 49,
   "metadata": {},
   "outputs": [
    {
     "data": {
      "text/plain": [
       "[1, 2, 3, 4, 5, 6, 7, 8, 9]"
      ]
     },
     "execution_count": 49,
     "metadata": {},
     "output_type": "execute_result"
    }
   ],
   "source": [
    "list(nums)"
   ]
  },
  {
   "cell_type": "code",
   "execution_count": 50,
   "metadata": {},
   "outputs": [
    {
     "name": "stdout",
     "output_type": "stream",
     "text": [
      "[2, 4, 6, 8, 10]\n"
     ]
    }
   ],
   "source": [
    "even_nums = range(2,11,2) \n",
    "print(list(even_nums))"
   ]
  },
  {
   "cell_type": "code",
   "execution_count": 51,
   "metadata": {},
   "outputs": [
    {
     "name": "stdout",
     "output_type": "stream",
     "text": [
      "[(0, 'a'), (1, 'z'), (2, 'x'), (3, 'b')]\n"
     ]
    }
   ],
   "source": [
    "letters = ['a', 'z', 'x', 'b']\n",
    "index_letters = enumerate(letters) #create an indexed list of objects\n",
    "print(list(index_letters))\n"
   ]
  },
  {
   "cell_type": "code",
   "execution_count": 52,
   "metadata": {},
   "outputs": [
    {
     "name": "stdout",
     "output_type": "stream",
     "text": [
      "<class 'zip'>\n",
      "[('a', 40), ('z', 45), ('x', 50), ('b', 55)]\n"
     ]
    }
   ],
   "source": [
    "# another way of combining objects are with zip\n",
    "names = ['a', 'z', 'x', 'b']\n",
    "numbers = [40, 45, 50, 55]\n",
    "combine_names_numbers = zip(names, numbers)\n",
    "print(type(combine_names_numbers))\n",
    "\n",
    "combine_names_numbers_list = [*combine_names_numbers] #each item is a tuple of the lists\n",
    "print(combine_names_numbers_list)"
   ]
  },
  {
   "cell_type": "code",
   "execution_count": 53,
   "metadata": {},
   "outputs": [],
   "source": [
    "# can also make combos using a function without side-effects\n",
    "names = ['a', 'z', 'x', 'b']\n",
    "numbers = ['1', '2', '3', '4']\n",
    "\n",
    "def combo(name, num):\n",
    "    result = [] \n",
    "    for x in name:\n",
    "        for y in num:\n",
    "            result.append((x,y))\n",
    "            result.append((y,x))\n",
    "    return result"
   ]
  },
  {
   "cell_type": "code",
   "execution_count": 40,
   "metadata": {},
   "outputs": [
    {
     "data": {
      "text/plain": [
       "[('a', '1'),\n",
       " ('1', 'a'),\n",
       " ('a', '2'),\n",
       " ('2', 'a'),\n",
       " ('a', '3'),\n",
       " ('3', 'a'),\n",
       " ('a', '4'),\n",
       " ('4', 'a'),\n",
       " ('z', '1'),\n",
       " ('1', 'z'),\n",
       " ('z', '2'),\n",
       " ('2', 'z'),\n",
       " ('z', '3'),\n",
       " ('3', 'z'),\n",
       " ('z', '4'),\n",
       " ('4', 'z'),\n",
       " ('x', '1'),\n",
       " ('1', 'x'),\n",
       " ('x', '2'),\n",
       " ('2', 'x'),\n",
       " ('x', '3'),\n",
       " ('3', 'x'),\n",
       " ('x', '4'),\n",
       " ('4', 'x'),\n",
       " ('b', '1'),\n",
       " ('1', 'b'),\n",
       " ('b', '2'),\n",
       " ('2', 'b'),\n",
       " ('b', '3'),\n",
       " ('3', 'b'),\n",
       " ('b', '4'),\n",
       " ('4', 'b')]"
      ]
     },
     "execution_count": 40,
     "metadata": {},
     "output_type": "execute_result"
    }
   ],
   "source": [
    "combo(names, numbers)"
   ]
  },
  {
   "cell_type": "code",
   "execution_count": 60,
   "metadata": {},
   "outputs": [
    {
     "name": "stdout",
     "output_type": "stream",
     "text": [
      "['a', 'z', 'x', 'b']\n"
     ]
    }
   ],
   "source": [
    "# faster and counts objects ordering them from lowest to highest\n",
    "from collections import Counter\n",
    "type_counts = Counter(names)\n",
    "print(list(names))"
   ]
  },
  {
   "cell_type": "code",
   "execution_count": 61,
   "metadata": {},
   "outputs": [
    {
     "name": "stdout",
     "output_type": "stream",
     "text": [
      "<class 'itertools.combinations'> \n",
      "\n",
      "['a', 'z', 'x', 'b'] \n",
      "\n"
     ]
    }
   ],
   "source": [
    "# Import combinations from itertools\n",
    "from itertools import combinations\n",
    "\n",
    "# Create a combination object with pairs of lists\n",
    "combos_obj = combinations(names, 2)\n",
    "print(type(combos_obj), '\\n')\n",
    "\n",
    "# Convert combos_obj to a list by unpacking\n",
    "names_2 = [*names]\n",
    "print(names_2, '\\n')"
   ]
  },
  {
   "cell_type": "code",
   "execution_count": 62,
   "metadata": {},
   "outputs": [
    {
     "name": "stdout",
     "output_type": "stream",
     "text": [
      "[1, 2, 5, 10]\n"
     ]
    }
   ],
   "source": [
    "nums = [1.1, 2.0, 5.4, 9.8]\n",
    "rnd_nums = map(round, nums) #apply a function to an object (i.e. map to round numbers)\n",
    "print(list(rnd_nums))"
   ]
  },
  {
   "cell_type": "code",
   "execution_count": 63,
   "metadata": {},
   "outputs": [
    {
     "name": "stdout",
     "output_type": "stream",
     "text": [
      "[1, 4, 25, 16, 81, 64]\n"
     ]
    }
   ],
   "source": [
    "nums = [1, 2, 5, 4, 9, 8]\n",
    "sqrd_nums = map(lambda x:x **2, nums) #apply a built in map function to anonymous function with lambda\n",
    "print(list(sqrd_nums))"
   ]
  },
  {
   "cell_type": "code",
   "execution_count": 64,
   "metadata": {},
   "outputs": [
    {
     "name": "stdout",
     "output_type": "stream",
     "text": [
      "<class 'range'>\n"
     ]
    }
   ],
   "source": [
    "# Create a range object that goes from 0 to 5\n",
    "nums = range(6)\n",
    "print(type(nums))"
   ]
  },
  {
   "cell_type": "code",
   "execution_count": 65,
   "metadata": {},
   "outputs": [
    {
     "name": "stdout",
     "output_type": "stream",
     "text": [
      "[0, 1, 2, 3, 4, 5]\n"
     ]
    }
   ],
   "source": [
    "# Convert nums to a list\n",
    "nums_list = list(nums)\n",
    "print(nums_list)\n"
   ]
  },
  {
   "cell_type": "code",
   "execution_count": 66,
   "metadata": {},
   "outputs": [
    {
     "name": "stdout",
     "output_type": "stream",
     "text": [
      "[1, 3, 5, 7, 9, 11]\n"
     ]
    }
   ],
   "source": [
    "# Create a new list of odd numbers from 1 to 11 by unpacking a range object\n",
    "nums_list2 = [*range(1,12,2)]\n",
    "print(nums_list2)"
   ]
  },
  {
   "cell_type": "code",
   "execution_count": 67,
   "metadata": {},
   "outputs": [
    {
     "name": "stdout",
     "output_type": "stream",
     "text": [
      "[(0, 'a'), (1, 'z'), (2, 'x'), (3, 'b')]\n"
     ]
    }
   ],
   "source": [
    "# Rewrite for loop to use enumerate\n",
    "indexed_names = []\n",
    "for i,name in enumerate(names):\n",
    "    index_name = (i,name)\n",
    "    indexed_names.append(index_name) \n",
    "print(indexed_names)\n"
   ]
  },
  {
   "cell_type": "code",
   "execution_count": 68,
   "metadata": {},
   "outputs": [
    {
     "name": "stdout",
     "output_type": "stream",
     "text": [
      "[(0, 'a'), (1, 'z'), (2, 'x'), (3, 'b')]\n"
     ]
    }
   ],
   "source": [
    "# Rewrite the above for loop using list comprehension\n",
    "indexed_names_comp = [(i,name) for i,name in enumerate(names)]\n",
    "print(indexed_names_comp)"
   ]
  },
  {
   "cell_type": "code",
   "execution_count": 69,
   "metadata": {},
   "outputs": [
    {
     "name": "stdout",
     "output_type": "stream",
     "text": [
      "[(1, 'a'), (2, 'z'), (3, 'x'), (4, 'b')]\n"
     ]
    }
   ],
   "source": [
    "# Unpack an enumerate object with a starting index of one\n",
    "indexed_names_unpack = [*enumerate(names, 1)]\n",
    "print(indexed_names_unpack)"
   ]
  },
  {
   "cell_type": "code",
   "execution_count": 70,
   "metadata": {},
   "outputs": [
    {
     "name": "stdout",
     "output_type": "stream",
     "text": [
      "<class 'map'>\n",
      "['A', 'Z', 'X', 'B']\n"
     ]
    }
   ],
   "source": [
    "# Use map to apply str.upper to each element in names\n",
    "names_map  = map(str.upper, names)\n",
    "\n",
    "# Print the type of the names_map\n",
    "print(type(names_map))\n",
    "\n",
    "# Unpack names_map into a list\n",
    "names_uppercase = [*names_map]\n",
    "\n",
    "# Print the list created by unpacking the map object\n",
    "print(names_uppercase)"
   ]
  },
  {
   "cell_type": "markdown",
   "metadata": {},
   "source": [
    "# Set Theory\n",
    "- Branch of mathematics applied to a collection of objects, i.e. sets\n",
    "- Python has a built-in set datatype with accompanying methods:  \n",
    "-- intersection(): all elements that are in both sets  \n",
    "-- difference(): all elements in one set but not the other    \n",
    "-- symmetric_difference(): all elements in exactly one set  \n",
    "-- union(): all elements that are in either set   \n",
    "- allows for membership testing using to see if a value exists in a sequence or not (using in operator) "
   ]
  },
  {
   "cell_type": "code",
   "execution_count": 73,
   "metadata": {},
   "outputs": [
    {
     "name": "stdout",
     "output_type": "stream",
     "text": [
      "{'y', 'b', 'x', 'a'}\n",
      "{'y', 'b', 'x', 'a'}\n",
      "33.4 ns ± 0.572 ns per loop (mean ± std. dev. of 7 runs, 10000000 loops each)\n",
      "True\n"
     ]
    }
   ],
   "source": [
    "list_a = ['a', 'b', 'c', 'd']\n",
    "list_b = ['a', 'b', 'x', 'y']\n",
    "set_a = set(list_b)\n",
    "print(set_a)\n",
    "\n",
    "set_b = set(list_b)\n",
    "print(set_b)\n",
    "\n",
    "set_a.intersection(set_b) # one simple line of code and no need for loop\n",
    "                          # also the run time is much faster\n",
    "    \n",
    "set_b.difference(set_a) # to find the difference\n",
    "\n",
    "set_a.symmetric_difference(set_b) # to explore differences\n",
    "\n",
    "set_a.union(set_b) # to combine the two sets\n",
    "\n",
    "%timeit 'x' in set_a # to explore membership\n",
    "print('x' in set_a)"
   ]
  },
  {
   "cell_type": "code",
   "execution_count": 74,
   "metadata": {},
   "outputs": [
    {
     "name": "stdout",
     "output_type": "stream",
     "text": [
      "{'b', 'd', 'a', 'c'}\n"
     ]
    }
   ],
   "source": [
    "# can also use set to convert a list to a set\n",
    "list_a = ['a', 'b', 'c', 'd']\n",
    "list_a_set = set(list_a)\n",
    "print(list_a_set)"
   ]
  },
  {
   "cell_type": "markdown",
   "metadata": {},
   "source": [
    "# The power of numpy arrays"
   ]
  },
  {
   "cell_type": "markdown",
   "metadata": {},
   "source": [
    "Intro to numpy features:\n",
    "- numpy arrays are an alternative to python lists but more efficient\n",
    "- arrays, vectors, and matrices \n",
    "- less verbose\n",
    "- matrix multiplications\n",
    "- eigen values and eigen vectors\n",
    "- solving linear systems"
   ]
  },
  {
   "cell_type": "code",
   "execution_count": 75,
   "metadata": {},
   "outputs": [],
   "source": [
    "import numpy as np"
   ]
  },
  {
   "cell_type": "code",
   "execution_count": 76,
   "metadata": {},
   "outputs": [
    {
     "name": "stdout",
     "output_type": "stream",
     "text": [
      "[1 2 3]\n"
     ]
    }
   ],
   "source": [
    "Array = np.array([1,2,3])\n",
    "print(Array)"
   ]
  },
  {
   "cell_type": "code",
   "execution_count": 77,
   "metadata": {},
   "outputs": [
    {
     "data": {
      "text/plain": [
       "dtype('int64')"
      ]
     },
     "execution_count": 77,
     "metadata": {},
     "output_type": "execute_result"
    }
   ],
   "source": [
    "# find the type of each element using dtype\n",
    "Array.dtype #returns integer"
   ]
  },
  {
   "cell_type": "code",
   "execution_count": 78,
   "metadata": {},
   "outputs": [
    {
     "name": "stdout",
     "output_type": "stream",
     "text": [
      "1\n",
      "2\n",
      "3\n"
     ]
    }
   ],
   "source": [
    "for e in Array:\n",
    "    print (e)"
   ]
  },
  {
   "cell_type": "code",
   "execution_count": 79,
   "metadata": {},
   "outputs": [
    {
     "data": {
      "text/plain": [
       "array([2, 4, 6])"
      ]
     },
     "execution_count": 79,
     "metadata": {},
     "output_type": "execute_result"
    }
   ],
   "source": [
    "Array + Array"
   ]
  },
  {
   "cell_type": "code",
   "execution_count": 80,
   "metadata": {},
   "outputs": [
    {
     "data": {
      "text/plain": [
       "array([2, 4, 6])"
      ]
     },
     "execution_count": 80,
     "metadata": {},
     "output_type": "execute_result"
    }
   ],
   "source": [
    "2* Array"
   ]
  },
  {
   "cell_type": "code",
   "execution_count": 81,
   "metadata": {},
   "outputs": [
    {
     "data": {
      "text/plain": [
       "array([1, 4, 9])"
      ]
     },
     "execution_count": 81,
     "metadata": {},
     "output_type": "execute_result"
    }
   ],
   "source": [
    "Array ** 2 #squaring arrays all at once"
   ]
  },
  {
   "cell_type": "code",
   "execution_count": 82,
   "metadata": {},
   "outputs": [
    {
     "data": {
      "text/plain": [
       "array([1.        , 1.41421356, 1.73205081])"
      ]
     },
     "execution_count": 82,
     "metadata": {},
     "output_type": "execute_result"
    }
   ],
   "source": [
    "np.sqrt(Array) #square root of array2"
   ]
  },
  {
   "cell_type": "code",
   "execution_count": 83,
   "metadata": {},
   "outputs": [
    {
     "data": {
      "text/plain": [
       "array([0.        , 0.69314718, 1.09861229])"
      ]
     },
     "execution_count": 83,
     "metadata": {},
     "output_type": "execute_result"
    }
   ],
   "source": [
    "np.log(Array) #log of array2"
   ]
  },
  {
   "cell_type": "code",
   "execution_count": 84,
   "metadata": {},
   "outputs": [
    {
     "data": {
      "text/plain": [
       "array([ 2.71828183,  7.3890561 , 20.08553692])"
      ]
     },
     "execution_count": 84,
     "metadata": {},
     "output_type": "execute_result"
    }
   ],
   "source": [
    "np.exp(Array) #exponential of array2"
   ]
  },
  {
   "cell_type": "code",
   "execution_count": 85,
   "metadata": {},
   "outputs": [
    {
     "data": {
      "text/plain": [
       "6"
      ]
     },
     "execution_count": 85,
     "metadata": {},
     "output_type": "execute_result"
    }
   ],
   "source": [
    "np.sum(Array)"
   ]
  },
  {
   "cell_type": "code",
   "execution_count": 86,
   "metadata": {},
   "outputs": [
    {
     "data": {
      "text/plain": [
       "3.7416573867739413"
      ]
     },
     "execution_count": 86,
     "metadata": {},
     "output_type": "execute_result"
    }
   ],
   "source": [
    "np.linalg.norm(Array)"
   ]
  },
  {
   "cell_type": "code",
   "execution_count": 87,
   "metadata": {},
   "outputs": [],
   "source": [
    "M = np.matrix([[1,5], [6,8]])"
   ]
  },
  {
   "cell_type": "code",
   "execution_count": 88,
   "metadata": {},
   "outputs": [
    {
     "data": {
      "text/plain": [
       "matrix([[1, 5],\n",
       "        [6, 8]])"
      ]
     },
     "execution_count": 88,
     "metadata": {},
     "output_type": "execute_result"
    }
   ],
   "source": [
    "M"
   ]
  },
  {
   "cell_type": "code",
   "execution_count": 89,
   "metadata": {},
   "outputs": [
    {
     "name": "stdout",
     "output_type": "stream",
     "text": [
      "[[6 8]]\n"
     ]
    }
   ],
   "source": [
    "print(M[1,:]) # to print the second row of the matrix"
   ]
  },
  {
   "cell_type": "code",
   "execution_count": 90,
   "metadata": {},
   "outputs": [
    {
     "name": "stdout",
     "output_type": "stream",
     "text": [
      "[[8]]\n"
     ]
    }
   ],
   "source": [
    "print(M[M>6]) # Print all elements of nums that are greater than six"
   ]
  },
  {
   "cell_type": "code",
   "execution_count": 91,
   "metadata": {},
   "outputs": [
    {
     "name": "stdout",
     "output_type": "stream",
     "text": [
      "[[ 2 10]\n",
      " [12 16]]\n"
     ]
    }
   ],
   "source": [
    "# Double every element of M\n",
    "M_dbl = M * 2\n",
    "print(M_dbl)"
   ]
  },
  {
   "cell_type": "code",
   "execution_count": 92,
   "metadata": {},
   "outputs": [
    {
     "name": "stdout",
     "output_type": "stream",
     "text": [
      "[[1 6]\n",
      " [6 9]]\n"
     ]
    }
   ],
   "source": [
    "# Replace the second column of M\n",
    "M[:,1] = M[:,1] + 1\n",
    "print(M)"
   ]
  },
  {
   "cell_type": "code",
   "execution_count": 93,
   "metadata": {},
   "outputs": [],
   "source": [
    "A = np.array(M)"
   ]
  },
  {
   "cell_type": "code",
   "execution_count": 94,
   "metadata": {},
   "outputs": [
    {
     "data": {
      "text/plain": [
       "array([[1, 6],\n",
       "       [6, 9]])"
      ]
     },
     "execution_count": 94,
     "metadata": {},
     "output_type": "execute_result"
    }
   ],
   "source": [
    "A"
   ]
  },
  {
   "cell_type": "code",
   "execution_count": 95,
   "metadata": {},
   "outputs": [
    {
     "name": "stdout",
     "output_type": "stream",
     "text": [
      "[10, 20, 30, 40, 50]\n",
      "[ 7 17 27 37 47]\n"
     ]
    }
   ],
   "source": [
    "# Create a list of arrival times\n",
    "arrival_times = [*range(10,60,10)] # intervals by 10\n",
    "print(arrival_times)\n",
    "\n",
    "# Convert arrival_times to an array and update the times\n",
    "arrival_times_np = np.array(arrival_times)\n",
    "new_times = arrival_times_np - 3\n",
    "\n",
    "print(new_times)\n"
   ]
  },
  {
   "cell_type": "code",
   "execution_count": 96,
   "metadata": {},
   "outputs": [
    {
     "data": {
      "text/plain": [
       "array([[1, 6],\n",
       "       [6, 9]])"
      ]
     },
     "execution_count": 96,
     "metadata": {},
     "output_type": "execute_result"
    }
   ],
   "source": [
    "A.T #use T for transpose"
   ]
  },
  {
   "cell_type": "code",
   "execution_count": 97,
   "metadata": {},
   "outputs": [],
   "source": [
    "Z = np.zeros(11) #generate an array"
   ]
  },
  {
   "cell_type": "code",
   "execution_count": 98,
   "metadata": {},
   "outputs": [
    {
     "data": {
      "text/plain": [
       "array([0., 0., 0., 0., 0., 0., 0., 0., 0., 0., 0.])"
      ]
     },
     "execution_count": 98,
     "metadata": {},
     "output_type": "execute_result"
    }
   ],
   "source": [
    "Z"
   ]
  },
  {
   "cell_type": "code",
   "execution_count": 99,
   "metadata": {},
   "outputs": [],
   "source": [
    "Z = np.zeros((11,11)) #generate a marix of zeros"
   ]
  },
  {
   "cell_type": "code",
   "execution_count": 100,
   "metadata": {},
   "outputs": [
    {
     "data": {
      "text/plain": [
       "array([[0., 0., 0., 0., 0., 0., 0., 0., 0., 0., 0.],\n",
       "       [0., 0., 0., 0., 0., 0., 0., 0., 0., 0., 0.],\n",
       "       [0., 0., 0., 0., 0., 0., 0., 0., 0., 0., 0.],\n",
       "       [0., 0., 0., 0., 0., 0., 0., 0., 0., 0., 0.],\n",
       "       [0., 0., 0., 0., 0., 0., 0., 0., 0., 0., 0.],\n",
       "       [0., 0., 0., 0., 0., 0., 0., 0., 0., 0., 0.],\n",
       "       [0., 0., 0., 0., 0., 0., 0., 0., 0., 0., 0.],\n",
       "       [0., 0., 0., 0., 0., 0., 0., 0., 0., 0., 0.],\n",
       "       [0., 0., 0., 0., 0., 0., 0., 0., 0., 0., 0.],\n",
       "       [0., 0., 0., 0., 0., 0., 0., 0., 0., 0., 0.],\n",
       "       [0., 0., 0., 0., 0., 0., 0., 0., 0., 0., 0.]])"
      ]
     },
     "execution_count": 100,
     "metadata": {},
     "output_type": "execute_result"
    }
   ],
   "source": [
    "Z"
   ]
  },
  {
   "cell_type": "code",
   "execution_count": 101,
   "metadata": {},
   "outputs": [],
   "source": [
    "X = np.ones((10,10)) #generate a marix of ones"
   ]
  },
  {
   "cell_type": "code",
   "execution_count": 102,
   "metadata": {},
   "outputs": [
    {
     "data": {
      "text/plain": [
       "array([[1., 1., 1., 1., 1., 1., 1., 1., 1., 1.],\n",
       "       [1., 1., 1., 1., 1., 1., 1., 1., 1., 1.],\n",
       "       [1., 1., 1., 1., 1., 1., 1., 1., 1., 1.],\n",
       "       [1., 1., 1., 1., 1., 1., 1., 1., 1., 1.],\n",
       "       [1., 1., 1., 1., 1., 1., 1., 1., 1., 1.],\n",
       "       [1., 1., 1., 1., 1., 1., 1., 1., 1., 1.],\n",
       "       [1., 1., 1., 1., 1., 1., 1., 1., 1., 1.],\n",
       "       [1., 1., 1., 1., 1., 1., 1., 1., 1., 1.],\n",
       "       [1., 1., 1., 1., 1., 1., 1., 1., 1., 1.],\n",
       "       [1., 1., 1., 1., 1., 1., 1., 1., 1., 1.]])"
      ]
     },
     "execution_count": 102,
     "metadata": {},
     "output_type": "execute_result"
    }
   ],
   "source": [
    "X"
   ]
  },
  {
   "cell_type": "code",
   "execution_count": 103,
   "metadata": {},
   "outputs": [],
   "source": [
    "Y = np.random.random((10,10))"
   ]
  },
  {
   "cell_type": "code",
   "execution_count": 104,
   "metadata": {},
   "outputs": [
    {
     "data": {
      "text/plain": [
       "array([[0.35579184, 0.7747728 , 0.48992445, 0.10885725, 0.13355319,\n",
       "        0.24313407, 0.33213702, 0.47434992, 0.27057785, 0.67484345],\n",
       "       [0.18027774, 0.68205535, 0.21582425, 0.45393513, 0.98849781,\n",
       "        0.06727891, 0.86296432, 0.85806475, 0.70462158, 0.41747367],\n",
       "       [0.63585985, 0.79375969, 0.19900827, 0.42952425, 0.99007405,\n",
       "        0.45055262, 0.65327612, 0.65199999, 0.18807456, 0.67610806],\n",
       "       [0.45626637, 0.9112365 , 0.65579309, 0.23352172, 0.12605694,\n",
       "        0.8874374 , 0.09226782, 0.35317557, 0.99983465, 0.28922897],\n",
       "       [0.6113417 , 0.72609919, 0.75346267, 0.94643661, 0.80181448,\n",
       "        0.2040487 , 0.6776737 , 0.79612692, 0.4359737 , 0.74743377],\n",
       "       [0.77624566, 0.34085088, 0.56797176, 0.6472214 , 0.04323505,\n",
       "        0.77159063, 0.30089441, 0.68352157, 0.65685336, 0.73470674],\n",
       "       [0.11851079, 0.26598064, 0.5814779 , 0.91118739, 0.10549918,\n",
       "        0.12440416, 0.17892103, 0.68772458, 0.35065721, 0.52550234],\n",
       "       [0.13088131, 0.73353483, 0.29621867, 0.4924576 , 0.71511134,\n",
       "        0.98538912, 0.51466865, 0.63869216, 0.2153835 , 0.17487402],\n",
       "       [0.94182537, 0.97457816, 0.0046258 , 0.42642334, 0.4067045 ,\n",
       "        0.84177311, 0.5237656 , 0.69230298, 0.44614248, 0.84858188],\n",
       "       [0.35070078, 0.51286643, 0.33338073, 0.79575856, 0.0642262 ,\n",
       "        0.32585699, 0.84153299, 0.28080086, 0.02343109, 0.50951818]])"
      ]
     },
     "execution_count": 104,
     "metadata": {},
     "output_type": "execute_result"
    }
   ],
   "source": [
    "Y"
   ]
  },
  {
   "cell_type": "code",
   "execution_count": 105,
   "metadata": {},
   "outputs": [],
   "source": [
    "G = np.random.randn(10,10)"
   ]
  },
  {
   "cell_type": "code",
   "execution_count": 106,
   "metadata": {},
   "outputs": [
    {
     "data": {
      "text/plain": [
       "array([[ 0.91143767, -0.55808767,  0.00659945,  0.52263833, -2.16127977,\n",
       "        -0.46332669,  0.70056805,  0.90228063, -0.0034718 ,  0.23001443],\n",
       "       [-0.215752  , -0.56601005, -1.5166436 ,  0.05202422, -0.22106233,\n",
       "        -0.4372219 , -0.08597568,  0.50040426, -0.83263128,  0.95423562],\n",
       "       [-0.32844142, -0.04040685,  0.50025567,  0.09797489,  0.22086392,\n",
       "         2.24726242, -0.15895142, -0.13304282,  0.5930657 ,  1.18404819],\n",
       "       [-0.50300548, -0.10871293,  0.2526728 , -0.25144401, -1.93836694,\n",
       "        -0.62753417,  2.01746912, -0.57860827, -0.75252584,  0.93085931],\n",
       "       [ 0.09158355,  1.5593627 , -0.47570951,  0.96725051, -0.50873691,\n",
       "        -0.49310754, -0.86189119, -1.70871096,  0.66671084, -0.03423764],\n",
       "       [ 0.1890798 ,  1.6355293 , -0.56832202, -0.10865605,  1.57663891,\n",
       "         1.07309038,  0.34715536, -0.86404805, -1.58937919,  0.96551855],\n",
       "       [ 0.66597886,  0.20410198, -0.05542084, -0.45059691, -1.60308066,\n",
       "         1.61762353,  0.66918669, -1.91099481, -1.55233846, -1.41944954],\n",
       "       [ 1.11499735,  1.24116472, -0.47632615, -0.90447013, -0.25669018,\n",
       "         0.59462977, -0.17349812, -0.01757793,  0.81856033, -0.50047362],\n",
       "       [-0.75114963, -0.58330538, -1.59390765, -0.15535764,  0.31953604,\n",
       "        -0.35937184, -0.32884586,  0.49589733, -1.70479781, -0.15501539],\n",
       "       [-0.35089196, -0.03165506,  1.22160472, -0.05869715, -0.50821515,\n",
       "         0.30937907, -0.4709603 ,  0.8797278 , -0.10981164, -0.66598481]])"
      ]
     },
     "execution_count": 106,
     "metadata": {},
     "output_type": "execute_result"
    }
   ],
   "source": [
    "G"
   ]
  },
  {
   "cell_type": "code",
   "execution_count": 107,
   "metadata": {},
   "outputs": [
    {
     "data": {
      "text/plain": [
       "-0.04795203813450835"
      ]
     },
     "execution_count": 107,
     "metadata": {},
     "output_type": "execute_result"
    }
   ],
   "source": [
    "G.mean() #calculate mean"
   ]
  },
  {
   "cell_type": "code",
   "execution_count": 108,
   "metadata": {},
   "outputs": [
    {
     "data": {
      "text/plain": [
       "0.7907787429157171"
      ]
     },
     "execution_count": 108,
     "metadata": {},
     "output_type": "execute_result"
    }
   ],
   "source": [
    "G.var() #calculate values"
   ]
  },
  {
   "cell_type": "code",
   "execution_count": 109,
   "metadata": {},
   "outputs": [],
   "source": [
    "Ginv = np.linalg.inv(G) #inverse to get the identity matrix"
   ]
  },
  {
   "cell_type": "code",
   "execution_count": 110,
   "metadata": {},
   "outputs": [
    {
     "data": {
      "text/plain": [
       "array([[ 3.40667537e-02,  9.44379942e-01, -4.15435671e-01,\n",
       "        -3.89445865e-01, -2.24921366e-01,  1.94162315e-01,\n",
       "         2.90961408e-01, -1.00660962e-01, -1.02055935e+00,\n",
       "         6.80575293e-02],\n",
       "       [ 2.21624389e-01, -6.63183758e-01,  1.00196004e-01,\n",
       "         2.01282229e-01,  2.47317663e-01,  2.27911896e-01,\n",
       "        -2.69942987e-01,  3.15555574e-01,  5.43593908e-01,\n",
       "         1.15181236e-01],\n",
       "       [-3.10418267e-01,  7.40339754e-01, -2.99086989e-01,\n",
       "        -5.22664346e-02, -1.23989201e-01,  1.20189413e-01,\n",
       "         1.70599791e-01, -2.65831390e-01, -9.22834502e-01,\n",
       "         5.80342569e-01],\n",
       "       [ 8.76247490e-01, -1.48940254e+00,  3.80743331e-01,\n",
       "        -1.35036897e-01,  2.93430437e-01,  1.37334473e-01,\n",
       "        -2.77579325e-01, -3.12579698e-01,  1.04418097e+00,\n",
       "        -5.75744433e-01],\n",
       "       [-7.33195154e-03, -3.66635964e-01, -3.84937555e-02,\n",
       "        -1.30651417e-01, -1.43623084e-01,  1.26683567e-01,\n",
       "        -1.01514942e-01, -1.09743113e-01,  1.09083327e-01,\n",
       "        -3.14418841e-01],\n",
       "       [ 2.73549540e-01, -6.48431301e-01,  4.71072127e-01,\n",
       "        -2.79676268e-02,  8.58958579e-05,  1.05046800e-03,\n",
       "        -1.58955603e-02,  1.03392182e-01,  5.69122225e-01,\n",
       "        -2.10952618e-01],\n",
       "       [ 5.91939100e-01, -1.73013322e+00,  3.26993855e-01,\n",
       "         3.05817758e-01, -8.53214784e-02,  5.74677188e-02,\n",
       "        -3.27022439e-01,  1.15557909e-01,  1.14258755e+00,\n",
       "        -8.33808127e-01],\n",
       "       [ 4.63238626e-01, -7.28050028e-01,  1.96040518e-01,\n",
       "         3.03970923e-02, -5.14391286e-02,  9.15911677e-02,\n",
       "        -3.26312740e-01,  2.13495263e-01,  7.02601267e-01,\n",
       "         1.47945936e-02],\n",
       "       [ 1.14525144e-01, -6.80820901e-01,  2.93913107e-01,\n",
       "         9.45492211e-02,  8.35227522e-02, -2.60461029e-01,\n",
       "        -2.27076887e-01,  2.22368847e-01,  4.23905070e-01,\n",
       "        -4.44933210e-01],\n",
       "       [-3.68005898e-01,  1.37580188e+00, -1.40580150e-01,\n",
       "         6.66104174e-03, -5.82869933e-02,  1.22334128e-01,\n",
       "         1.04664889e-01, -1.26616727e-01, -1.04155433e+00,\n",
       "         3.96870235e-01]])"
      ]
     },
     "execution_count": 110,
     "metadata": {},
     "output_type": "execute_result"
    }
